96402472 31.24112057792247 121.5483199997431
16795494 31.21867 121.42976
23090317 31.207988 121.407563
6874180 31.235758 121.488912
93365670 31.17137 121.36982
97073721 31.302917 121.514791
97582078 31.21716427198121 121.4478999282084
67138913 31.32035 121.5049
4678407 31.225013 121.478327
96122021 31.180865 121.429748
92886319 31.010548159402784 121.21387875980837
97435241 31.137474 121.386976
44389259 31.236941 121.484525
98229663 31.278729 121.433642
90558249 31.215489 121.45825
92782722 31.231347 121.47709
50254056 31.227215 121.524703
51606300 31.21679 121.53912
16974118 31.233261 121.530725
90054792 31.244497 121.579898
2758972 31.239249 121.49696
503176 31.236849911213667 121.49926985561663
26233390 31.224357 121.548994
17145949 31.228613 121.51952
503802 31.23501 121.505813
22804991 31.228986 121.523133
502186 31.236821 121.510396
93784511 31.270555 121.587436
69777025 31.24282 121.58901
18685425 31.13849 121.51335
90258691 31.18405 121.697408
68928759 31.192689 121.558706
5204492 31.13766 121.502197
2064157 31.236759 121.499169
501019 31.236261 121.49834
66225096 31.183515 121.630322
24302900 31.158852 121.571912
96430118 31.339872 121.59066
66321592 31.13857 121.49916
4538280 31.172132 121.482724
2322598 31.26771 121.60854
21994899 31.205575 121.600667
94260480 31.178124 121.766476
501124 31.224533 121.52775
17164889 31.239032 121.594491
75126533 31.1502 121.493
20877292 31.18663 121.491647
5324231 31.21271 121.56409
38121430 31.13422 121.5683
16975331 31.12963 121.587208
21691356 31.330409 121.587161
21351979 31.22822 121.514824
4533660 31.19941 121.70001
23570845 31.229208 121.516134
76992700 31.283003 121.593697
3671017 31.231253 121.517963
2568595 31.158723 121.679639
14892770 31.228531 121.522242
3699892 31.241269 121.506676
4111358 31.219809 121.522218
2220868 31.220522 121.525361
19815141 31.183188 121.697768
77471178 31.225385 121.551672
98172035 31.19526 121.51219
500191 31.22969 121.51679
2290108 31.183279 121.53738
97117478 31.226022 121.525724
6855819 31.231364 121.556482
581313 31.23554532 121.4993201
92854042 31.11422 121.570829
19707341 31.20358 121.602035
2649934 31.226631 121.558128
69649951 31.167017 121.703332
3082183 31.054201 121.741823
17884757 31.129631 121.593013
6437710 31.169567 121.483699
27013872 31.126752 121.526698
500632 31.223684 121.513818
21370351 31.134448 121.568435
19128637 31.20020306 121.5166146
5277599 31.13429 121.56585
97261173 31.174566 121.56538
10010493 31.15538 121.517417
3525763 31.25539919689488 121.57949037500026
22544751 31.236833 121.499285
5283573 31.101684 121.765325
2206975 31.215887 121.531578
500241 31.221835 121.52899
8911921 31.255372 121.591965
32314782 31.026108 121.648111
502331 31.23112 121.518617
6586451 31.153503 121.564298
13813850 31.183043 121.555766
4736766 31.209816 121.561582
22237189 31.024518 121.647566
57952521 31.211716 121.667011
18370952 31.120289 121.58534
5581544 31.137201 121.53842
503295 31.341705 121.57978
67312216 31.18121 121.53221
93704968 31.027970879259843 121.66249995378988
19691182 31.141168 121.617376
4285801 31.182412 121.698567
5127912 31.181751 121.555577
505260 31.211462 121.527292
24335649 31.266989 121.653813
21275296 31.239042 121.541852
59188552 31.203355 121.600772
16002459 31.115825 121.576814
3289006 31.177249 121.516706
4620355 31.050276 121.545646
2464492 31.218442 121.617344
65851374 31.04927 121.76418
76660171 31.19799 121.67982
2099296 31.171879 121.494669
17222108 31.20358 121.602035
74570226 31.267309 121.608317
2005330 31.240173 121.50054
5157844 31.040249 121.595689
94003819 31.27074 121.5872
92151665 31.225481 121.551251
6226394 31.20602 121.542411
5581928 31.140998 121.688475
501954 31.226733 121.523096
2293003 31.280437 121.599406
5589814 31.2363 121.50201
6586545 31.15327 121.56416
502624 31.181661 121.52936
68987960 31.272725 121.590414
76945653 31.225421039637673 121.55263038359779
5263282 31.34247 121.58762
17887018 31.179922 121.493075
505318 31.043211 121.715215
2002036 31.171464 121.500236
67658059 31.039661 121.738726
22587218 31.196125 121.704185
8943119 31.147758 121.730884
19277345 31.181983 121.502749
8859151 31.04349 121.772086
17974830 31.188968 121.493104
24674383 31.051689 121.741843
4099746 30.92196 121.8889
93930078 31.252152 121.566592
68004504 31.228325 121.518933
506332 31.17607 121.51963
6216214 31.182524 121.553263
4186415 31.248487 121.713072
50886335 31.192813 121.61695
19791473 31.161384 121.490994
5215033 31.251169 121.599984
2028496 31.115698 121.580943
22666790 31.205011 121.602922
3262456 31.338842 121.590722
3125971 31.250513 121.571364
506385 31.246006 121.558588
21610815 31.342509 121.5804
2325379 31.04906 121.77048
15104989 31.265966 121.653126
5453095 31.203375 121.712529
15905764 31.266925 121.653817
4542619 31.28028 121.69435
22586045 31.162119 121.497915
573911 31.135113 121.583385
65638196 31.204979 121.513701
9946452 31.293546 121.609844
4116240 31.1823 121.49007
5681761 31.1736 121.49142
69322145 31.095875 121.710011
19347737 31.25193 121.5879
13920465 31.199915 121.631257
58916553 31.266718 121.608309
92114694 31.041841 121.756255
2779657 31.189887 121.69007
24706152 31.326528 121.587422
18605576 31.26111 121.59261
4500537 31.223413 121.516987
6455089 31.20907798836528 121.51937945889482
6296454 31.180024 121.562864
2104993 31.234686 121.53814
8867904 31.140792 121.722927
83438918 31.266597 121.652951
5213935 31.235847 121.575005
23917325 31.12172 121.57547
4511400 31.210304 121.55004
4542412 31.222143 121.525095
96584272 31.216247 121.540794
58867875 31.036170130389625 121.71656983710018
4202580 31.299044 121.605059
5422755 31.226351 121.557949
70428054 31.194879 121.518289
4135323 31.180242 121.533465
4175308 31.184525 121.699693
5144657 31.140562 121.51333
5365712 30.877953 121.88389
5307879 31.2107 121.51818
5302089 31.212451 121.562983
4658590 31.175531 121.501243
4600921 31.137742 121.603645
3099403 31.11399 121.5694
90054931 31.254891 121.591494
27209144 31.293335 121.610826
21247785 31.17043 121.49528
17191853 31.31196 121.591621
2023954 31.236115 121.523509
2382163 31.055439 121.764348
2652253 31.18408 121.690282
92482779 31.188879 121.688314
67645600 31.092952 121.589408
3998029 31.232239 121.536219
5289953 31.236679 121.536907
22935014 31.240822 121.569019
90409645 31.139641 121.501393
504325 31.335614 121.584388
1933501 31.122803 121.58435
80996281 31.121358 121.504528
5246031 31.036123 121.71535
505808 31.14226 121.499406
69599033 31.195868 121.529672
2039878 31.155237 121.496164
52077919 30.910343 121.817391
15956799 31.175344 121.745339
33598549 31.27415 121.6003
18133910 31.25993 121.686891
2384671 31.047022 121.749239
32462758 31.21302 121.5359
505660 31.173517 121.490264
11552908 31.184543 121.50541
2481028 31.273009 121.653137
97775569 31.146642 121.750103
3683719 31.18777 121.55455
5201745 31.152373 121.503778
4023229 31.161093 121.498113
69969124 31.34517 121.57434
13795561 31.239062 121.551439
14712769 31.321036 121.630349
69283281 31.220438 121.525418
66517326 31.26688 121.65601
17679113 31.188946 121.696772
503618 31.173113 121.489487
75201429 31.226031 121.59642
14689058 31.34668 121.5816
3549418 31.239484 121.524703
1959046 31.115173 121.58151
79274779 31.239169 121.560531
16983692 31.2102918387091 121.55924074927204
14201351 31.228543 121.521995
45559935 31.292009 121.61064
49505038 30.905797 121.816171
18313261 31.112437 121.762345
97352711 31.174391 121.749265
4273924 31.2389526367188 121.717468261719
5313797 31.273367 121.59006
6840636 31.230558 121.502925
2941585 31.228522 121.535321
65976184 31.024125 121.64711
67929036 31.171299 121.492843
14989059 31.137189 121.499664
67412307 31.205039 121.620653
18087900 31.053701 121.759404
92707474 31.129516 121.622814
90090387 31.204401 121.545538
97181970 31.203119997357877 121.55750957961547
97759446 31.202932 121.616619
4704727 31.01955 121.632348
77293315 30.905797 121.816171
79999238 31.26671 121.60864
506507 31.341899 121.579407
5656109 31.050597 121.591356
2562082 31.146001 121.494423
2226580 31.210826 121.51646
93068119 31.27301 121.602109
504916 31.193898 121.511113
561512 31.1526 121.50405
97908001 31.192228805501045 121.69562002441128
66227685 31.24384 121.678931
22303005 31.189011 121.68573
16681305 31.236712 121.722586
93554499 31.167771605736778 121.68413726466808
4282788 31.181481 121.630624
19136638 31.03644 121.59729
6340367 31.23668 121.497998
96009448 30.98242 121.781214
505064 31.20811745 121.5502095
2919190 31.049238 121.764205
5856354 31.175426 121.52211
93768271 31.124618 121.757864
505559 31.247096 121.559103
17962360 31.208368 121.514913
67488063 31.111743 121.653389
76875904 31.28436 121.608429
22450058 31.146385 121.498106
94297110 31.201610368188962 121.65653973827004
3146428 31.152063 121.573297
11550178 31.26324 121.60767
4056562 31.035746 121.742614
1938943 31.0504 121.59375
66951722 31.111502 121.577929
4076086 31.347566 121.573449
506770 30.95562 121.75794
97082158 31.23487 121.5074
43814502 31.266961 121.59768
1895092 31.2154 121.518315
4742013 31.34807 121.57698
18369647 31.26675 121.655336
43889261 31.266736 121.598003
4675935 31.162273 121.536613
75089371 31.14309902494218 121.75009987483563
6077680 31.239796 121.504771
41692967 31.251537 121.578509
10348597 31.167147 121.485176
4293619 30.903513346538407 121.92835674371507
93998729 31.125225 121.498374
97573887 31.183963 121.636268
22384347 31.19048 121.59468
501358 31.22779 121.52355
2937166 31.27886 121.66913
2644690 31.026149 121.646299
3226474 31.16323623 121.49672
2402572 31.304965 121.634909
67914007 31.171779 121.686126
2858617 31.020253 121.645671
11576305 31.15461 121.75695
19170525 31.26118 121.67879
4546937 31.234942 121.528036
3048859 31.173149 121.795167
23119085 31.036226 121.735934
8713173 31.112179 121.767954
19449670 31.188325 121.695213
95477638 30.894985 121.906341
98016699 31.156583210972922 121.4821455125466
95251319 31.193963 121.510547
2592247 31.11434 121.57502
4671968 31.1543329 121.7270796
2673037 31.208552 121.515243
2571400 31.264015 121.567717
93163888 31.11551945835486 121.58094015495338
21878790 31.313792 121.635748
65590540 31.240507 121.679118
15601653 31.168581 121.685479
2575471 31.32684624 121.6241305
9201456 31.020555 121.647053
18622811 31.098142 121.578469
6145395 31.0934 121.81143
76843876 31.209961 121.770687
584909 31.33893278 121.5887802
565293 31.115672 121.580391
15090727 31.176681 121.496233
21019445 31.17856 121.50022
90412469 30.96396 121.741033
57940241 31.20656 121.53067
32321401 31.15004 121.5225
3029557 31.197024 121.568178
75725880 30.896538 121.924576
65493779 31.228501 121.518983
5404332 31.1493 121.505662
2469739 31.15071 121.809389
2050891 31.274857 121.669859
21358339 31.189446 121.698498
504298 31.17055 121.496605
92261917 31.16597573546234 121.58081081727384
5268219 31.124509 121.585319
5989141 31.350098 121.583113
19813861 31.232995 121.523591
10021203 31.280468 121.59352
6197924 31.148559 121.75967
24338346 30.971679 121.749808
97428385 31.187047 121.698318
20888133 31.124636 121.760956
15003560 31.047173 121.750843
9071842 31.048 121.746243
92639956 31.144696 121.49896
97784675 31.123883 121.50897
96486239 31.176112 121.50619
32396598 31.137259 121.603074
2586433 31.26233 121.606238
17944948 31.211352 121.517491
15005151 31.19524 121.50944
69130498 31.180622 121.558393
23435340 31.149461 121.808905
17287091 31.140091 121.603431
15005672 31.314962 121.635143
93627272 31.211989163405033 121.52411027509761
4708697 31.174418 121.746043
50405972 31.14001 121.51355
69271038 31.200122 121.585294
5173701 31.18818 121.55177
57429080 31.183345 121.547432
15007796 31.278029 121.608629
16155560 31.254308 121.556546
3361396 31.254754 121.611028
23754711 31.196305 121.704322
77296355 31.23923 121.49685
9077206 31.2104421 121.5497504
2845654 31.187488 121.554446
5244371 31.123597 121.584565
5725738 31.06829 121.712541
77223701 30.896214 121.924698
43878860 31.193 121.67053
19678124 31.151878 121.809195
584908 31.339164 121.589155
79457580 31.2668 121.655459
69750425 31.026087 121.702712
2395168 31.266859 121.597786
15007732 31.282094 121.610564
16650738 31.115658 121.757039
69231115 31.23691 121.498986
95250134 31.259327 121.578955
13850268 31.02543 121.595975
24940959 31.239524 121.496869
67580033 31.284351 121.609002
93559094 31.180725 121.517555
22824571 31.196522 121.704184
5587487 31.235628 121.718317
507427 31.233299 121.745759
77534681 31.19707 121.512454
67178564 31.040709 121.75225
67681668 31.367757 121.536176
95525514 31.181982 121.519403
67545196 31.257292 121.564609
2539249 31.27781499 121.5772481
66131382 31.173699 121.493894
76742555 31.236501 121.499264
18129984 31.22816 121.51502
66879626 31.25559 121.58162
2087128 31.228433 121.5354
68066252 31.21984 121.52628
73418365 31.22511 121.55172
68239567 31.21232 121.563334
19315775 31.229949 121.517998
69877606 31.217445 121.51343
13881219 31.193512 121.538294
19684259 31.20627 121.60197
43606310 31.229102 121.518945
93217356 31.230186922593035 121.51732985655562
13768330 31.225899 121.524352
8965278 31.23099 121.51791
97216917 31.203341 121.601549
66685477 31.225988 121.517188
18477209 31.035938 121.716237
23405398 31.206211 121.60192
96296851 31.229728 121.518713
79446757 31.2219 121.529426
69210476 31.205412 121.601759
59273375 31.138021 121.663118
4505769 31.237586 121.50126
18046883 31.18549 121.4916
69421089 31.234269 121.50238
73573041 31.196515 121.50254
75096430 31.212766 121.536277
96433059 31.226252 121.517186
92907524 31.267182 121.608195
1998673 31.222787 121.529038
4099628 31.19643 121.50284
57247403 31.254891 121.591494
93217352 31.230395 121.517337
17655705 31.251216 121.599847
3883066 31.25616 121.57859
97777417 31.140364 121.513511
66191172 31.14031 121.6609
18607407 31.225381 121.557927
75096471 31.213297 121.535996
96136500 31.17864 121.535284
69881768 31.1507 121.57343
68193713 31.229206 121.516134
19634573 31.22463 121.54904
18076422 31.183787 121.699408
90454407 31.232466 121.511247
93217277 31.23025 121.51741
19574813 31.227563 121.523584
76661478 31.212816 121.536284
8077064 31.188169 121.49182
79602471 31.2289 121.5283
21213568 31.229073 121.519365
95977889 31.241698864269814 121.51050007000708
76848692 31.184 121.4923
69702517 31.180023 121.492984
23421652 31.21663 121.53958
21246779 31.228134 121.523709
66418345 31.204352 121.545394
27027842 31.2288 121.51862
66654403 31.140284 121.660735
93633120 31.205693 121.516973
2876866 31.22736 121.52529
3866794 31.22722 121.525592
58040890 31.23415 121.50743
14721437 31.24123 121.5326
93451833 31.236792 121.499245
58020467 31.224496 121.52396
66656003 31.255575 121.581182
15867345 31.222147 121.530269
2875636 31.227707 121.52544
58825631 31.227215 121.524703
75153349 31.226158 121.513692
21328794 31.222608 121.518141
22824518 31.23433 121.507753
94264088 31.127048 121.573035
90437824 31.220067 121.527156
93205227 31.23584 121.5053
92961179 31.227981 121.524976
68210329 31.235365 121.507663
75193309 31.211716 121.525282
19433535 31.228142 121.51548
90911754 31.184252 121.698608
79276468 31.229741 121.527381
16724695 31.2291 121.51807
4733611 31.210316 121.55931
32304267 31.31172 121.588665
6311018 31.23529 121.50267
93500606 31.256355 121.579825
97737306 31.187033 121.492063
21344107 31.24081 121.58262
19577522 31.293335 121.610826
72342098 31.112726 121.594324
96268864 31.233075 121.500209
9585387 31.250016 121.597646
90108145 31.22238874687315 121.51583039034645
76860451 31.240816 121.504065
69076754 31.221997 121.52514
65956057 31.207043 121.562856
90025509 31.212564 121.563479
67562571 31.21206 121.5287
90924632 31.20619 121.60289
23093341 31.23433 121.507753
92838062 31.159245 121.499251
95955567 31.228406 121.519052
18053494 31.18169 121.49371
32521941 31.228876 121.520011
96118497 31.236814 121.499269
93176492 31.256231 121.579821
67402453 31.229451 121.515237
16958218 31.150854 121.500406
23102291 31.232456 121.512064
507108 31.235994 121.499702
76832430 31.03612 121.71527
69487176 31.22986 121.52715
4269447 31.216095 121.541614
19433031 31.23626 121.50241
67191041 31.312205 121.591013
13969883 31.22838 121.52394
69774536 31.20854 121.52003
24727648 31.212575 121.563341
4127403 31.23675 121.502139
96166785 31.185968 121.508609
5279694 31.23433 121.507753
2558077 31.220457 121.526396
24597548 31.223041 121.529188
97408913 31.2368 121.49925
5592825 31.235706 121.514796
76742152 31.237055 121.4995
67605144 31.241916 121.548645
98145000 31.232275 121.557184
6035518 31.114909 121.568854
43388214 31.216306 121.540612
67773271 31.162036 121.507425
69144557 31.23685 121.49927
66980997 31.204329 121.545407
21398144 31.227686 121.523444
8067872 31.2266 121.55987
77223725 31.205832 121.601031
27375477 31.222483 121.516345
32455330 31.21599 121.54193
21117786 31.210391 121.557831
22810731 31.206663 121.601495
66629064 31.20651 121.60155
97688576 31.236590000000017 121.50108
92131837 31.173482 121.554584
23588596 31.175835 121.49508
97500736 31.226179 121.558051
3265021 31.229805 121.518773
67231887 31.03985 121.73873
69432027 31.21293 121.53644
96039151 31.156251 121.564636
5290490 31.236656 121.499296
69209916 31.23003 121.52722
69884260 31.238772 121.515745
23082157 31.20755 121.56098
14707078 31.23626 121.50241
93510777 31.266263 121.653255
2782132 31.271922 121.5877
69422248 31.23003 121.52722
97986615 31.261691 121.594217
98051268 31.205945 121.516798
70864650 31.240639 121.52898
58084001 31.255682 121.579333
69507919 31.229627 121.527175
18140196 31.250259 121.597894
6586440 31.154119 121.56393
67684780 31.232817 121.512543
66134082 31.254891 121.591494
23476094 31.2525 121.558423
76851078 31.23003 121.52722
4523548 31.23626 121.50241
8046483 31.350821 121.588474
93934943 31.179566 121.522893
503143 31.241652 121.58691
90330568 31.20621 121.601919
93183788 31.230254 121.517085
21137656 31.114648 121.568264
83085684 31.27099 121.587456
95212753 31.242206 121.547852
92489338 31.229149 121.51902
24866161 31.158852 121.571912
45254528 31.243439 121.5081
93209943 31.23023 121.51755
90454170 31.249362 121.580336
24656016 31.212278 121.563405
21607948 31.20358 121.602035
69848301 31.22946 121.51614
97046981 31.143527 121.509896
93210355 31.21570048305473 121.54278967324117
21721525 31.23674 121.501931
21132069 31.227167 121.515436
21802912 31.203416 121.601202
4287886 31.23642 121.50239
5153106 31.184304 121.698339
81774056 31.26625 121.651628
16821374 31.236849 121.499269
18674430 31.24258 121.543553
76966640 31.208758 121.519573
6077074 31.204349 121.541671
57044186 30.905797 121.816171
2052793 31.23566 121.498703
93188717 31.241846151333487 121.52139347423206
16964456 31.200551 121.534512
5394246 31.1732 121.495058
20890293 31.20299 121.55778
4190125 31.1850651930627 121.69984094076817
504804 31.24242 121.58872
3278875 31.134321 121.578924
75796542 31.236519 121.498854
57430334 31.220885 121.525601
98340446 31.226974 121.559659
24670001 31.17866 121.5035
97617353 31.214464 121.656056
21731156 31.16216 121.491064
500659 31.234989 121.505811
76837824 31.22839 121.51693
17956448 31.20785 121.51626
67252555 31.20293 121.55774
45989614 31.23677 121.49925
93485728 31.233988121953548 121.50685609494548
18008423 31.20018 121.535266
23099404 31.338871 121.590481
96418316 31.179966 121.549305
96223682 31.21642 121.539219
67512142 31.21206 121.5287
15866673 31.223876 121.523989
23980671 31.33954 121.590232
74956446 31.159952 121.524231
5530816 31.23626 121.50232
19263980 31.041482 121.764132
97510848 31.229323 121.517617
23354363 31.23626 121.50241
48096437 31.311519 121.588559
21775956 30.896887 121.924635
20705509 31.236881 121.50242
6862028 31.226316 121.55792
5187213 31.255577 121.579341
93217514 31.230186922593035 121.51732985655562
48145175 31.226769 121.559188
93472228 31.22049739724386 121.52607347181593
6586274 31.15362 121.563923
2127088 31.239036 121.582843
38066007 31.211028 121.561297
21254505 31.325631 121.60791
1907065 31.224135 121.52707
97464497 31.241102 121.510199
95917301 31.048324 121.734681
22644399 31.22559 121.52601
4091053 31.179101 121.535501
17774950 31.203458 121.558938
21909298 31.185980463412783 121.49245011629317
501108 31.23685 121.49927
58399731 31.143477 121.510094
5299812 31.212061 121.563244
80277410 31.14512 121.75519
97923241 31.241073807293347 121.51016829886892
96163616 31.259279 121.56185
507095 31.206518 121.530204
2496271 31.239841 121.501124
2056999 31.228174 121.518985
92870937 31.206905 121.562898
83140762 31.24121 121.592889
3380305 31.114636 121.570074
1943566 31.194988 121.698159
2275705 31.337546 121.587152
23476446 31.216679 121.538672
1948165 31.224324 121.553006
6121709 31.21053 121.559384
92913829 31.14723 121.7562
90397850 31.200516 121.585483398438
76961514 31.200218 121.695089
2390554 31.25335 121.60934
65794835 31.164005 121.506833
6446028 31.217753 121.545304
5596307 31.236155 121.502788
68061978 31.18598 121.49245
93750535 31.228276 121.523957
580309 31.22946 121.51614
82877893 31.049079 121.771358
98091311 31.204900796673563 121.60070996268423
97596121 31.21484 121.657781
32645316 31.21155 121.6274
18094715 31.2247 121.523345
587011 31.219082 121.543219
98242837 31.205658 121.60184
98449926 31.240567551039135 121.51204330629932
4562150 31.18662 121.534941
5745581 31.202369 121.557644
95057973 31.271384 121.587453
97897152 31.213007 121.536426
98510963 31.195896 121.511451
3511540 31.257759 121.577454
75047663 31.22048 121.515538
18567345 31.27948 121.60984
32478127 31.200549 121.631041
77349930 31.236729 121.499146
90453897 30.893066 121.886785
4086223 31.178952 121.533849
9072782 31.217331 121.530499
65507976 31.343966 121.575187
83204841 31.158983 121.571825
5861907 31.046196 121.756774
2124043 31.222495 121.52726
4184918 31.229047 121.561532
33590112 31.188452 121.691875
97296574 30.963284 121.769026
80035411 31.240447 121.680459
3319246 31.228459 121.524918
2928508 31.205207 121.559005
97665585 31.044807 121.764207
97176281 31.176908 121.605217
2310946 31.25326686 121.6091497
4207332 31.220657 121.529782
5627195 31.240339 121.507242
32327154 31.240853 121.67901
2452102 31.151153 121.809346
2495602 31.041616 121.756664
506734 31.231158 121.55446
4741811 31.173948 121.495203
10659063 31.228688 121.521973
66280733 31.178769 121.535713
3537844 31.32099 121.606172
1929118 31.239725 121.57978
8025563 31.041639 121.755704
97258565 31.298682 121.605704
5253985 31.235303 121.507496
21314012 31.28192 121.59369
5300931 31.17936 121.5038
67744076 31.119787 121.585968
58246287 31.27962 121.60919
69654476 31.143768 121.511947
4546528 31.160333 121.523846
6411793 31.27307 121.65889
507096 31.154713 121.503064
4516436 31.260589 121.591997
3435409 31.240127 121.50715
2403181 31.171796 121.505725
96043294 31.1748 121.519393
4107490 31.22632 121.559623
5224024 31.293410455774506 121.61081991115033
97664371 31.21484 121.657781
